"Gen1" "Gen15" "Gen2" "Gen47_3_5" "Gen47_6_10"
"and" 12.2940430925222 9.42184154175589 9.28 7.05882352941176 8.33333333333333
"the" 11.0266159695817 5.78158458244111 10.88 4.70588235294118 10.4166666666667
"of" 2.78833967046895 2.56959314775161 6.08 2.35294117647059 9.72222222222222
"sons" 0 0 0 0 0
"his" 0.126742712294043 0 1.44 1.17647058823529 0.694444444444444
"unto" 0.253485424588086 1.71306209850107 0.48 5.88235294117647 2.08333333333333
"jacob" 0 0 0 0 3.47222222222222
"were" 0.253485424588086 0 0.64 0 0
"all" 0.253485424588086 0.214132762312634 0.64 0 0
"him" 0.126742712294043 1.71306209850107 0.64 0 0.694444444444444
"to" 1.39416983523447 1.49892933618844 1.92 1.17647058823529 0.694444444444444
"egypt" 0 0.214132762312634 0 0 0.694444444444444
"in" 1.39416983523447 1.9271948608137 1.12 3.52941176470588 2.77777777777778
"into" 0 0 0.32 0 0
"joseph" 0 0 0 1.17647058823529 0.694444444444444
"souls" 0 0 0 0 0
"that" 1.52091254752852 2.14132762312634 1.6 0 0
"their" 1.01394169835234 0 0 0 0.694444444444444
"are" 0 0 0.16 3.52941176470588 1.38888888888889
"came" 0 0.856531049250535 0 0 0
"i" 0.253485424588086 1.49892933618844 0.16 0 0
"these" 0 0.642398286937901 0.16 0 0
"with" 0.126742712294043 0.428265524625268 0 0 0
"father" 0 0 0.16 1.17647058823529 1.38888888888889
"he" 0.760456273764259 2.56959314775161 1.6 0 0
"israel" 0 0 0 0 0
"land" 0.253485424588086 0.642398286937901 0.48 3.52941176470588 2.08333333333333
"s" 0 0 0 0 0
"they" 0 0.856531049250535 0.48 2.35294117647059 0.694444444444444
"have" 0.506970849176172 0.214132762312634 0 0 1.38888888888889
"said" 1.26742712294043 1.71306209850107 0.32 3.52941176470588 1.38888888888889
"shall" 0.126742712294043 2.78372591006424 0.64 0 0
"will" 0 0.214132762312634 0.16 0 0
"bare" 0 0 0 0 0
"daughter" 0 0 0 0 0
"god" 4.05576679340938 0 2.24 0 0
"goshen" 0 0 0 1.17647058823529 0.694444444444444
"up" 0 0 0.48 0 0
"who" 0 0 0 0 0
"whom" 0 0.214132762312634 0.16 0 0
"a" 0.760456273764259 2.99785867237687 1.6 0 0.694444444444444
"born" 0 0.214132762312634 0 0 0
"canaan" 0 0 0 1.17647058823529 0
"cattle" 0.380228136882129 0 0.16 0 0.694444444444444
"daughters" 0 0 0 0 0
"for" 0.760456273764259 0.428265524625268 0.96 3.52941176470588 0
"go" 0 0.428265524625268 0 0 0
"had" 0.126742712294043 0 1.12 0 0
"house" 0 0.428265524625268 0 0 0
"on" 0.126742712294043 0 0.32 0 0
"pharaoh" 0 0 0 4.70588235294118 4.16666666666667
"rachel" 0 0 0 0 0
"say" 0 0 0 0 0
"she" 0 0 0.32 0 0
"thee" 0 0.428265524625268 0 2.35294117647059 0.694444444444444
"thy" 0 1.2847965738758 0 5.88235294117647 2.08333333333333
"am" 0 0.428265524625268 0 0 0
"been" 0 0 0 0 0.694444444444444
"beer-sheba" 0 0 0 0 0
"before" 0 0 0 0 1.38888888888889
"benjamin" 0 0 0 0 0
"beriah" 0 0 0 0 0
"brethren" 0 0 0 2.35294117647059 0.694444444444444
"brought" 0.126742712294043 0.428265524625268 0.32 0 0.694444444444444
"come" 0 0.642398286937901 0 2.35294117647059 0
"down" 0 0.642398286937901 0 0 0
"er" 0 0 0 0 0
"even" 0 0 0 0 0
"from" 0.633713561470216 0.214132762312634 0.8 0 0.694444444444444
"gave" 0 0 0.16 0 0
"hezron" 0 0 0 0 0
"is" 0.633713561470216 0.856531049250535 2.08 3.52941176470588 0.694444444444444
"judah" 0 0 0 0 0
"keepers" 0 0 0 0 0
"laban" 0 0 0 0 0
"leah" 0 0 0 0 0
"me" 0 0.642398286937901 0 0 0
"my" 0 0.428265524625268 0.32 0 2.77777777777778
"neck" 0 0 0 0 0
"now" 0 0.214132762312634 0.16 1.17647058823529 0
"onan" 0 0 0 0 0
"our" 0.253485424588086 0 0 1.17647058823529 0
"perez" 0 0 0 0 0
"reuben" 0 0 0 0 0
"seed" 0.760456273764259 0.856531049250535 0 0 0
"sent" 0 0 0 0 0
"threescore" 0 0 0 0 0
"took" 0 0.214132762312634 0.32 0 0
"which" 0.506970849176172 0 0.96 0 0
"wives" 0 0 0 0 0
"ye" 0 0 0 0 0
"abomination" 0 0 0 0 0
"again" 0 0.214132762312634 0 0 0
"alive" 0 0 0 0 0
"also" 0.126742712294043 0.214132762312634 0.16 0 0
"an" 0 0 0 0 0
"ard" 0 0 0 0 0
"areli" 0 0 0 0 0
"arodi" 0 0 0 0 0
"art" 0 0 0 0 0
"asenath" 0 0 0 0 0
"ashbel" 0 0 0 0 0
"asher" 0 0 0 0 0
"becher" 0 0 0 0 0
"bela" 0 0 0 0 0
"besides" 0 0 0 0 0
"bilhah" 0 0 0 0 0
"both" 0 0 0.16 1.17647058823529 0
"bring" 0.126742712294043 0 0 0 0
"but" 0 0.642398286937901 0.48 0 0
"call" 0 0 0.16 0 0
"canaanitish" 0 0 0 0 0
"carmi" 0 0 0 0 0
"carried" 0 0 0 0 0
"carry" 0 0 0 0 0
"chariot" 0 0 0 0 0
"children" 0 0 0 0 0
"dan" 0 0 0 0 0
"die" 0 0 0.16 0 0
"died" 0 0 0 0 0
"dinah" 0 0 0 0 0
"dwell" 0 0 0 1.17647058823529 1.38888888888889
"egyptians" 0 0 0 0 0
"ehi" 0 0 0 0 0
"elon" 0 0 0 0 0
"ephraim" 0 0 0 0 0
"eri" 0 0 0 0 0
"every" 1.14068441064639 0 0.96 0 0
"eyes" 0 0 0 0 0
"ezbon" 0 0 0 0 0
"face" 0.380228136882129 0 0.16 0 0
"fathers" 0 0.214132762312634 0 1.17647058823529 0.694444444444444
"fear" 0 0.214132762312634 0 0 0
"fell" 0 0.428265524625268 0 0 0
"first-born" 0 0 0 0 0
"flocks" 0 0 0 1.17647058823529 0
"fourteen" 0 0 0 0 0
"gad" 0 0 0 0 0
"gera" 0 0 0 0 0
"gershon" 0 0 0 0 0
"good" 0.887198986058302 0.214132762312634 0.8 0 0
"goods" 0 0 0 0 0
"gotten" 0 0 0 0 0
"great" 0.253485424588086 0.856531049250535 0 0 0
"guni" 0 0 0 0 0
"haggi" 0 0 0 0 0
"hamul" 0 0 0 0 0
"hand" 0 0 0 0 0
"hanoch" 0 0 0 0 0
"heber" 0 0 0 0 0
"herds" 0 0 0 0 0
"here" 0 0 0 0 0
"himself" 0 0 0 0 0
"huppim" 0 0 0 0 0
"hushim" 0 0 0 0 0
"imnah" 0 0 0 0 0
"iob" 0 0 0 0 0
"isaac" 0 0 0 0 0
"ishvah" 0 0 0 0 0
"ishvi" 0 0 0 0 0
"issachar" 0 0 0 0 0
"it" 2.02788339670469 1.07066381156317 1.76 0 0
"jachin" 0 0 0 0 0
"jahleel" 0 0 0 0 0
"jahzeel" 0 0 0 0 0
"jamin" 0 0 0 0 0
"jemuel" 0 0 0 0 0
"jezer" 0 0 0 0 0
"journey" 0 0 0 0 0
"kohath" 0 0 0 0 0
"let" 1.90114068441065 0 0 1.17647058823529 0.694444444444444
"levi" 0 0 0 0 0
"little" 0 0 0 0 0
"loins" 0 0 0 0 0
"made" 0.633713561470216 0.214132762312634 0.96 0 0
"make" 0.126742712294043 0 0.16 0 1.38888888888889
"malchiel" 0 0 0 0 0
"manasseh" 0 0 0 0 0
"may" 0 0 0 0 0
"meet" 0 0 0.32 0 0
"men" 0 0 0 0 0.694444444444444
"merari" 0 0 0 0 0
"muppim" 0 0 0 0 0
"naaman" 0 0 0 0 0
"names" 0 0 0.16 0 0
"naphtali" 0 0 0 0 0
"nation" 0 0.214132762312634 0 0 0
"night" 0.506970849176172 0 0 0 0
"not" 0 1.07066381156317 0.96 0 0.694444444444444
"occupation" 0 0 0 1.17647058823529 0
"offered" 0 0 0 0 0
"ohad" 0 0 0 0 0
"ones" 0 0 0 0 0
"out" 0 0.642398286937901 0.64 0 0.694444444444444
"paddan-aram" 0 0 0 0 0
"pallu" 0 0 0 0 0
"pass" 0 0.214132762312634 0 0 0
"poti-phera" 0 0 0 0 0
"presented" 0 0 0 0 0
"priest" 0 0 0 0 0
"put" 0.126742712294043 0 0.32 0 0
"puvah" 0 0 0 0 0
"ready" 0 0 0 0 0
"rose" 0 0 0 0 0
"rosh" 0 0 0 0 0
"sacrifices" 0 0 0 0 0
"seen" 0 0 0 0 0
"serah" 0 0 0 0 0
"sered" 0 0 0 0 0
"servants" 0 0 0 3.52941176470588 0
"seven" 0 0 0 0 0
"shaul" 0 0 0 0 0
"shelah" 0 0 0 0 0
"shepherd" 0 0 0 0 0
"shepherds" 0 0 0 1.17647058823529 0
"shillem" 0 0 0 0 0
"shimron" 0 0 0 0 0
"show" 0 0 0 0 0
"shuni" 0 0 0 0 0
"simeon" 0 0 0 0 0
"since" 0 0 0 0 0
"sister" 0 0 0 0 0
"six" 0 0 0 0 0
"sixteen" 0 0 0 0 0
"son" 0 0 0 0 0
"spake" 0 0 0 1.17647058823529 0
"surely" 0 0 0.16 0 0
"tell" 0 0 0 0 0
"ten" 0 0 0 0 0
"there" 2.15462610899873 0 0.96 1.17647058823529 0
"thine" 0 0.642398286937901 0 0 0
"thirty" 0 0 0 0 0.694444444444444
"thou" 0 1.07066381156317 0.64 0 0.694444444444444
"three" 0 0.642398286937901 0 0 0
"tola" 0 0 0 0 0
"two" 0.126742712294043 0 0 0 0
"until" 0 0 0 0 0
"upon" 1.26742712294043 0.642398286937901 0.32 0 0
"visions" 0 0 0 0 0
"wagons" 0 0 0 0 0
"way" 0 0 0 0 0
"we" 0 0 0 3.52941176470588 0
"went" 0 0.214132762312634 0.32 0 0.694444444444444
"wept" 0 0 0 0 0
"what" 0 0.214132762312634 0.16 1.17647058823529 0
"when" 0 0.428265524625268 0.16 0 0
"while" 0 0 0 0 0
"wife" 0 0 0.32 0 0
"woman" 0 0 0.32 0 0
"yet" 0 0.214132762312634 0.32 0 0
"you" 0.253485424588086 0 0 0 0
"your" 0 0 0 1.17647058823529 0
"youth" 0 0 0 0 0
"zebulun" 0 0 0 0 0
"zerah" 0 0 0 0 0
"zilpah" 0 0 0 0 0
"ziphion" 0 0 0 0 0
"zohar" 0 0 0 0 0
